10
1 1 2
8 158 
8
954 429 888 454 933 306 360 571 371 334 353 62 398 887 767 138 
8
377 226 760 86 934 128 142 580 490 524 639 729 264 387 736 761 
7 26
2 7 5
252 537 394 648 138 541 18 405 706 729 376 396 557 956 
2
650 777 120 964 
2
279 762 761 320 
2
895 260 121 182 
2
473 371 371 490 
2
277 658 109 716 
9 1
3 1 3
461 611 
6
370 704 131 198 707 387 426 409 396 414 477 636 
6
355 354 95 806 513 486 805 187 291 273 919 939 
6
545 40 662 761 18 108 114 410 689 598 918 243 
37 14
4 9 5
683 824 550 337 814 579 835 221 751 445 334 975 428 598 366 986 297 331 
9
608 136 78 750 416 853 708 697 434 612 468 147 293 408 961 104 109 757 
9
619 30 494 472 975 147 799 382 702 348 963 882 486 156 832 524 157 31 
9
456 697 317 974 137 608 270 356 36 496 57 717 852 767 414 494 912 811 
9
133 474 840 684 972 207 145 62 248 995 969 159 964 110 192 121 162 740 
9
939 421 789 71 922 453 629 835 336 714 952 269 224 159 285 603 233 147 
4 29
5 5 3
685 880 153 595 321 93 689 192 478 593 
6
594 617 729 788 655 169 905 836 983 285 998 735 
6
118 340 303 345 626 488 59 655 294 741 754 462 
6
766 355 536 357 304 709 620 385 684 407 283 837 
26 37
6 5 1
986 233 412 865 118 976 245 289 858 145 
5
368 240 179 641 113 872 994 754 814 390 
16 8
7 7 5
438 786 976 196 581 173 375 595 679 408 660 104 573 208 
2
216 353 800 720 
2
155 754 55 240 
2
153 245 500 174 
2
395 989 260 152 
2
742 636 830 900 
10 14
8 9 2
968 785 406 249 54 831 601 941 928 752 361 624 154 340 534 115 222 515 
1
640 734 
1
539 911 
22 26
9 4 1
260 307 940 615 893 887 791 146 
9
44 877 642 381 134 736 422 836 499 876 922 136 679 511 244 343 683 158 
34 31
10 3 5
143 804 641 719 467 276 
3
944 557 140 396 23 280 
3
436 79 186 81 405 437 
3
529 409 383 229 266 782 
3
226 643 214 153 305 665 
3
945 813 430 491 197 299 
20 23
